x	y
476.58875	287.11615
783.77599	-240.18003
866.21263	-182.80976
740.89176	-136.78241
799.52444	-137.24818
765.23085	-199.05479
761.35259	-151.52883
769.81723	-187.99191
741.77083	-208.8288
656.8031	-221.37015
706.22931	-268.98423
727.45355	-264.11576
657.94148	-257.58669
651.08085	-246.96237
727.55186	-215.87628
712.79166	-185.10502
693.63469	-194.69469
719.11814	-187.40087
699.27701	-229.34435
764.00535	-198.80064
753.43486	-201.20975
758.35956	-226.29503
751.27938	-192.68466
750.30766	-212.76651
795.85085	-211.74482
695.87753	-172.7714
781.57828	-217.02933
691.16687	-222.19134
703.61114	-168.93658
683.69397	-218.58382
735.89652	-163.94324
696.01189	-169.94882
663.7898	-204.05345
679.66464	-231.04803
702.84195	-247.32729
703.9459	-280.51802
689.45292	-235.54744
736.91498	-289.44804
727.74676	-264.09594
756.50119	-161.56452
772.85268	-190.00867
773.37286	-300.47433
695.31416	-243.10523
747.56687	-282.71159
747.79469	-240.80304
783.36022	-265.61456
714.47853	-212.33458
733.316	-218.43455
753.55986	-151.37775
806.94737	-171.16346
732.45117	-154.82152
742.85842	-253.85653
749.52057	-157.37129
712.03879	-247.76107
734.19176	-206.4407
810.38107	-208.87379
777.36078	-157.82364
816.47709	-215.14829
813.03948	-238.26187
733.77635	-199.03572
841.93157	-179.27812
809.66396	-219.07805
810.19626	-253.15571
847.9931	-100.03794
828.82139	-204.09786
835.26172	-196.66691
827.98436	-180.58599
810.75172	-191.9707
825.6004	-169.67981
846.61865	-116.32518
867.51966	-150.54878
823.11179	-133.52129
821.05498	-158.10185
839.55848	-111.39167
825.89275	-86.243613
866.55625	-140.8285
793.48766	-128.68706
752.98475	-189.383
759.1088	-175.06722
856.94604	-180.7842
788.31903	-158.38172
817.37069	-218.19716
853.74941	-268.98663
826.89939	-191.34956
827.82059	-208.63435
805.04527	-225.95961
765.04939	-244.41083
834.56467	-152.13183
837.49127	-191.10918
801.48577	-242.00322
822.92301	-207.4121
752.06711	-213.83199
740.76634	-195.57901
807.57394	-190.67481
836.61101	-133.49664
794.73068	-214.37269
805.5946	-150.93961
731.4325	-222.31171
763.80478	-196.33598
702.03648	-259.29763
714.90278	-227.57102
726.29242	-257.93029
663.75201	-221.58847
747.57365	-248.69318
661.7434	-257.18321
677.39204	-323.37877
685.79229	-246.8446
688.06512	-316.66038
765.9963	-269.11689
697.15441	-326.77902
757.04226	-315.1633
678.45449	-312.80694
690.26059	-312.92734
701.9452	-214.29999
754.7498	-253.74409
758.25105	-216.03726
712.49232	-268.41159
704.44399	-192.89572
674.73603	-267.77177
763.11098	-240.46345
701.32186	-220.49437
695.47952	-287.12893
651.49016	-215.23386
686.11987	-263.46967
695.94819	-225.27936
689.49735	-225.09168
663.89713	-213.13983
710.92459	-273.71848
689.52153	-280.31678
634.62568	-259.80911
683.38822	-298.035
620.50888	-366.01692
725.56961	-336.89941
721.53927	-295.83705
714.19063	-331.48229
707.09422	-338.74202
727.36439	-277.05899
708.75114	-325.12656
680.87219	-272.02927
692.63105	-325.70551
750.53351	-320.21768
666.74144	-278.95097
617.06471	-309.66076
616.45226	-305.09093
708.15909	-359.6639
621.1678	-305.56955
600.57553	-299.03653
591.51453	-355.2059
639.3814	-319.75084
664.84327	-344.54646
680.9576	-398.15079
636.45457	-331.22225
712.26716	-391.83454
689.4229	-354.85033
684.71963	-346.8252
682.55414	-333.45994
648.80767	-304.1517
614.29001	-375.46372
650.94481	-323.42792
675.57575	-287.7347
682.3444	-302.5923
620.10725	-407.43795
614.43707	-360.30795
613.7884	-353.96379
665.57171	-383.64972
573.35352	-262.04779
582.45103	-245.55426
592.84343	-270.24227
617.18755	-239.05274
630.54062	-184.99501
578.33922	-178.41093
594.23149	-196.84665
601.73846	-235.99232
567.36751	-225.92519
625.23172	-226.02858
619.43518	-225.70989
556.30205	-285.37762
618.42991	-241.52782
565.52946	-314.31206
523.36243	-231.90689
548.92206	-249.16001
585.87839	-278.52084
576.46029	-296.77683
508.60154	-297.76826
601.28202	-274.97722
613.72606	-194.44893
530.94217	-183.84148
587.4955	-200.27395
575.2324	-275.24607
586.67119	-288.03673
536.05716	-242.11251
512.98282	-161.91913
538.03264	-163.88437
560.79378	-161.78466
599.40648	-162.969
483.83725	-182.55883
550.66738	-218.18246
464.82412	-161.6786
479.52802	-227.35926
518.17239	-249.6102
489.10484	-214.1021
546.80969	-286.92382
482.30199	-204.63682
529.03311	-236.31107
529.76271	-244.13503
549.14983	-285.1443
497.74586	-187.05826
553.9607	-178.39522
519.43818	-268.78222
508.75533	-205.11655
559.62043	-212.5369
594.3012	-163.99504
542.31261	-146.61848
581.05699	-173.52732
524.76642	-143.16155
481.76318	-195.78441
462.4478	-198.5526
576.95648	-215.59688
486.34033	-162.49374
527.9273	-234.03291
509.78413	-197.80082
513.21581	-153.63908
521.49584	-283.16889
460.53496	-229.11765
542.36359	-258.53936
493.79474	-201.14483
577.09129	-240.41883
544.93718	-299.34899
487.09711	-174.41125
504.64351	-256.23185
511.63899	-207.48062
539.11559	-285.55513
522.97645	-230.33917
560.9816	-226.71647
514.55158	-264.65209
551.75758	-198.05909
590.08014	-213.20819
482.95251	-236.52432
511.99345	-258.33457
514.57029	-271.24438
490.99006	-213.53676
439.4931	-155.77028
456.80168	-164.91459
392.73596	-193.50121
451.43548	-304.53248
390.91053	-238.54658
421.12653	-281.88167
475.91362	-301.63267
486.4521	-211.85305
439.60696	-249.37226
445.22564	-207.4258
463.50273	-209.14066
446.49368	-292.27459
436.22399	-193.80131
499.00658	-211.98114
415.71972	-286.78867
384.04699	-276.64707
409.76596	-196.72631
354.15318	-225.6591
468.60301	-198.9482
442.07444	-273.89843
500.8673	-247.85443
595.67389	-203.87925
587.91801	-203.51057
585.82352	-242.32965
624.77637	-174.49049
585.79339	-137.38911
600.39249	-212.35921
563.61358	-177.36552
579.19322	-98.24662
579.66394	-179.78605
538.85602	-94.317064
543.5905	-91.556434
565.01912	-34.518177
525.38515	-67.812007
546.22891	-53.525028
560.69582	-65.549567
568.82268	-135.02
530.88238	-84.380285
535.15158	-105.04475
577.91375	-23.971536
494.04056	-126.74724
494.14575	-59.891646
542.60641	-96.849004
562.44914	-0.25220506
491.4222	-56.537818
533.5868	-25.697722
536.82987	-84.772522
535.10155	-21.003669
488.35284	-60.459132
478.19932	-29.782464
536.27026	31.655356
507.03307	-43.1772
531.79646	-54.792921
500.66824	-58.783121
572.86908	-3.8987718
598.77656	16.795689
596.76599	73.74804
609.52128	59.796559
481.89238	73.052065
548.51643	96.55086
513.9243	49.862952
508.76578	53.057918
562.18724	105.25605
597.8608	74.867366
615.53697	67.274626
605.41548	45.655159
558.46861	119.40592
548.03094	162.83367
567.26477	21.80123
568.01865	53.935534
538.17884	62.436113
557.98221	-26.606756
565.72532	16.723619
442.21199	-50.00985
427.18184	11.371082
478.39003	5.1035935
471.50268	30.008981
494.66642	-37.055777
432.37255	18.310513
504.52196	70.50229
440.76377	20.178751
402.17618	58.954895
422.66082	94.378213
477.58245	-18.216888
381.67186	39.091307
461.27101	111.62745
430.95694	126.43377
432.9303	69.739776
404.98393	78.465816
385.73119	86.215784
372.46982	43.378465
460.25398	85.491585
394.55304	42.609477
412.73348	36.044834
432.5115	58.045929
338.70789	102.07499
302.66466	89.022855
403.22995	72.203584
340.59182	79.767138
347.07526	47.286519
314.05992	30.937283
356.20954	52.224913
300.90209	0.12290739
279.30044	0.34275565
288.46383	50.292261
294.53836	70.959097
280.93411	23.033171
292.87503	88.180741
253.98431	-32.574012
346.44269	69.472304
226.21809	-22.40125
323.09535	-36.418494
292.97825	50.040051
256.06453	64.126569
273.32575	15.216237
258.6741	-40.996255
231.81398	2.3828758
202.42529	29.624224
249.51639	24.897608
264.73999	11.016729
287.4128	68.233374
221.13871	62.34732
256.12191	109.35436
254.87917	87.556054
253.23289	-29.544101
273.38981	23.018531
320.75185	61.767811
296.05801	43.298301
195.62192	71.527035
272.68091	20.871357
221.54783	128.82362
267.50304	133.45062
250.40839	112.0162
258.95569	92.820887
266.11616	129.92697
305.16804	114.11414
270.54159	82.766459
385.19472	108.80511
339.43344	110.13549
330.32802	125.49877
322.07244	105.71915
347.73212	189.60759
244.39931	129.48598
282.89756	165.72365
291.17531	188.87624
246.93381	199.08316
320.68956	125.29331
224.16568	92.497575
267.273	52.584988
136.63345	86.61559
162.19104	74.659125
173.80938	59.044138
156.74082	44.388433
138.10796	49.636581
192.6405	63.68709
168.10525	20.004519
133.39526	57.9078
125.79853	5.402493
133.83403	32.991929
127.61645	-26.089968
66.766746	54.218054
130.4101	-44.782348
178.42815	-12.634925
114.80425	55.270903
149.79232	-42.524025
98.990141	12.637673
106.2411	54.500228
116.22713	75.799679
150.37546	80.10666
136.6362	-11.487731
136.55177	73.716038
90.922619	-23.607073
27.786492	42.960145
51.002787	32.043579
129.35615	40.132541
128.13275	84.057515
145.7531	84.426508
122.57398	2.7098216
200.25251	32.844654
229.03155	96.128016
240.48475	37.555938
184.36687	123.622
243.60536	98.089924
242.14283	41.951786
250.82799	59.973001
276.76336	164.88622
301.40595	64.64368
282.10562	120.66525
265.25882	106.77431
344.27809	105.44727
297.39703	89.380101
310.49261	109.23564
387.67364	153.57722
384.9852	50.959453
438.88554	100.12571
466.19308	116.79418
425.27122	70.015634
515.70428	63.781996
484.37849	118.98482
476.55928	33.29839
479.82481	-17.536214
447.70074	47.494348
537.59027	6.6485062
482.71596	91.79196
565.15972	68.079532
545.43366	101.7049
531.9419	15.1165
550.40775	4.1503875
561.25165	94.622345
524.29302	64.851907
553.15445	77.935927
641.32867	127.82356
639.42309	119.44198
625.37317	133.79804
669.89746	156.69379
562.10357	141.848
628.0446	55.965517
563.60379	69.89345
594.4821	21.651759
524.53171	41.579521
54.51705	441.02802
134.82677	452.60659
135.66035	450.22511
103.32507	419.44677
105.7202	362.1548
97.259813	393.22112
89.374743	439.4127
37.916371	493.36027
25.914568	401.89708
74.158891	420.09078
-15.979353	502.44249
21.612097	491.12621
24.061031	448.4026
88.267379	490.34604
53.411896	554.66463
30.275345	553.41725
46.385066	480.51497
143.82429	502.84106
210.98146	468.56034
243.68173	540.82019
225.38833	520.13945
205.41361	427.43377
91.525521	506.90436
75.994009	444.31853
-26.181693	469.30318
-3.1067664	483.07897
1.7388602	502.63596
-38.169622	419.35076
36.387666	471.98996
226.04513	473.15316
271.72161	529.65324
292.17665	451.26169
377.84432	499.88676
207.90546	490.35549
219.622	468.06577
220.24683	528.18055
239.64462	425.6048
121.2114	472.89789
186.40139	479.84311
146.4291	441.54374
234.76978	545.85178
221.48105	499.02636
247.87947	478.52265
193.97256	421.76301
187.1411	433.51186
186.67725	453.96534
164.51222	539.24391
217.36683	497.97502
128.98095	477.3674
107.9907	465.3172
78.187048	440.94047
47.514826	499.01373
80.026634	458.65793
78.27783	526.80652
127.08245	499.50817
269.90605	543.45946
331.30532	466.13412
354.67084	482.45068
330.25334	493.2541
243.36404	498.38973
313.57487	514.45777
314.06379	445.40273
434.14632	502.87772
425.41322	512.27324
413.99467	533.11042
430.54118	504.32516
436.42581	541.08367
374.16475	458.51075
428.99857	522.39044
447.96541	469.00485
473.86877	531.89135
397.82001	511.10964
473.65726	423.61202
563.14689	545.46272
712.27368	441.05893
784.44169	512.48829
761.0068	538.99928
800.7741	524.74258
712.88641	472.88459
712.01886	335.81769
706.69099	304.92154
708.0564	247.90244
600.14514	305.81169
616.74809	317.26639
613.65106	338.03638
610.47214	209.41413
690.14046	292.57549
677.02051	361.36573
647.23982	308.93915
650.67079	317.78873
694.01238	301.17912
681.37254	278.46382
590.26435	222.12291
537.7384	239.49098
518.14604	214.59647
583.99228	166.4796
472.43372	193.46295
703.54071	376.94756
806.49976	462.06651
847.45675	396.72982
1241.2681	547.30365
1199.0584	516.48355
1255.5322	523.19695
1132.1146	535.14821
1072.3652	542.67573
1077.8956	428.61872
953.28665	443.04635
989.8527	421.13212
858.18834	328.99123
872.16656	335.7788
745.66643	320.9396
712.71831	327.08962
664.59558	349.76582
735.74951	325.38916
713.92504	371.29814
696.56506	316.93123
731.04904	344.77507
738.19486	367.63754
805.80574	419.26017
1017.9958	388.13687
1038.357	387.50065
1174.2071	348.8306
1169.8528	324.52417
1183.3473	407.22286
1136.7355	306.52471
1175.4423	355.12873
1120.119	309.89235
985.1236	235.56241
969.49612	364.94552
916.02054	306.76063
911.67169	308.47041
827.77709	302.4117
942.40494	343.38072
865.17095	296.55915
867.64932	315.67215
1034.9298	320.43998
1196.8306	292.13527
1193.3528	405.66247
1240.9598	415.27556
1244.79	363.35178
1193.1832	352.6161
1179.1294	318.09776
1173.181	372.74284
1103.6977	297.93192
1022.15	267.91297
1028.0349	242.89789
1001.5439	279.89748
894.76581	297.23777
983.80144	286.57802
894.93428	286.63534
1008.4405	267.6356
1138.7697	237.79657
1108.8353	294.25211
1079.7664	280.97227
1165.9858	274.7722
1057.9015	237.25928
1147.7186	232.14046
918.72485	208.81069
1020.0552	264.24391
983.83029	286.50878
919.89479	214.89316
1101.9547	288.63092
1056.3444	294.52205
1200.0496	254.10104
1308.0187	283.03731
1301.0625	305.87015
1501.4938	321.79541
1483.366	347.55817
1524.9461	350.08581
1565.5258	347.08
1524.3829	338.25111
1449.2682	287.76729
1365.3059	309.28567
1336.785	301.12936
1313.1732	294.88853
1308.5147	366.11259
1277.2687	365.90735
1263.6934	239.51356
1419.031	254.41276
1378.3685	204.12398
1405.6771	255.3916
1422.303	254.20966
1294.6282	260.40308
1207.2904	324.84812
1241.3873	387.38271
1238.8527	266.41451
1413.051	176.8554
1416.3684	177.20122
1565.4997	177.86115
1516.2709	131.5901
1441.0182	174.0985
1477.9663	266.42441
1400.4717	215.65436
1385.0532	199.14492
1421.423	207.30226
1356.6219	276.7394
1432.394	306.38637
1397.3796	193.26215
1383.0859	166.05329
1387.4189	198.75544
1428.1533	226.95688
1416.5853	207.99503
1326.1398	223.42429
1347.9759	258.09023
1299.5215	336.43098
1307.2043	325.05256
1292.8895	252.65757
1316.3131	216.7878
1287.4005	336.74434
1360.1176	298.77594
1429.1619	156.09704
1532.1883	151.92723
1425.6671	129.80324
1479.0443	113.69113
1439.9271	199.41335
1372.3396	258.26063
1392.4055	283.63769
1402.6463	200.7845
1392.2539	143.44361
1419.6596	100.68544
1438.2308	133.3787
1335.3077	271.55112
1322.8742	278.46448
1395.613	267.90553
1294.2073	327.39716
1328.366	347.90177
1321.3028	269.72546
1372.7472	272.62461
1380.0199	296.79769
1282.5038	238.89544
1384.9928	294.61394
1362.7465	260.95296
1411.6503	186.28961
1401.7487	226.69734
1421.9713	237.37772
1460.1834	153.7654
1442.7238	125.52422
1385.9774	74.692122
1472.3214	105.80173
1362.9795	170.0319
1472.7298	140.04449
1388.5021	201.70957
1429.1426	195.39758
1388.4508	264.17635
1422.3252	186.65688
1375.2861	247.16838
1479.5784	191.35364
1404.7098	104.09508
1417.9159	171.3249
1474.1391	132.12398
1459.8938	242.59209
1478.7339	266.41427
1429.9059	322.40415
1361.3942	288.16789
1409.2658	266.19337
1459.4478	343.99986
1355.2342	324.54629
1399.0059	333.53925
1459.8296	335.38074
1439.0987	272.02927
1379.94	359.93126
1368.8092	396.66229
1377.9571	377.07081
1369.4629	390.86207
1481.5427	408.70881
1439.51	385.18989
1371.3296	338.046
1461.3312	367.12714
1444.7313	368.96717
1454.2207	435.50315
1358.2359	450.01422
1412.6108	438.54828
1460.946	418.83172
1392.6647	371.57612
1442.5121	444.05737
1403.5882	438.2843
1399.7595	452.36587
1435.3673	422.56836
1412.1326	424.5313
1311.3082	444.15361
1335.7843	481.97082
1403.2073	418.49799
1361.2221	501.81804
1363.1134	442.33931
1351.3598	395.20107
1337.0746	429.72202
1408.0414	442.97793
1350.9789	366.42929
1345.7844	497.46358
1396.5257	467.48299
1402.4138	482.22954
1339.2702	386.64079
1375.589	446.42883
1318.1875	380.76524
1322.6774	376.58207
1327.5371	496.37023
1265.1964	425.80104
1319.5185	454.81721
1319.319	455.7492
1321.6581	416.86635
1296.6687	389.79461
1243.101	460.66446
1289.439	470.90341
1251.7526	377.88496
1310.8567	471.80153
1281.5554	482.50413
1282.4814	422.00757
1331.7364	407.60344
1556.1873	-72.38007
1553.0495	-83.850414
1546.9997	-58.126721
1538.8794	-62.660985
1552.4806	-78.192694
1565.451	-61.585393
1555.585	-42.337763
1535.9306	-66.341923
1536.1189	-52.804749
1531.5498	-51.306227
1550.6456	-55.837322
1531.0614	-51.661987
1531.693	-46.717387
1523.4854	-43.201732
1513.8105	-23.298724
1503.9356	-27.289393
1511.0928	-15.516042
1499.2372	-3.4371405
1506.0175	1.95329
1495.2812	-7.7989189
1510.9036	-5.1316806
1495.1905	-10.011506
1487.1745	-0.36606729
1500.5597	12.395468
1477.0717	5.6004789
1494.1136	10.735901
1459.5017	35.880477
1479.5634	17.951918
1469.8569	32.754357
1437.5826	59.658612
1458.0811	61.622895
1447.9235	78.251538
1417.6329	84.343315
1421.5404	104.7383
1404.5012	88.997563
1404.1626	93.467633
1406.8069	119.52759
1402.5042	113.06003
1410.0661	105.45946
1400.8565	127.85346
1402.2662	124.97969
1394.0743	147.54309
1394.7506	141.39072
1373.2165	129.38916
1372.0314	141.45195
1351.4771	142.72749
1361.272	138.41622
1360.4862	139.10647
1343.1732	167.69989
1317.6267	161.65863
1324.2048	170.144
1303.3451	165.78337
1305.7695	176.86187
1298.0636	182.66217
1276.5614	186.00067
1271.4062	201.06167
1237.7919	207.52235
1236.5298	205.62289
1243.8779	205.03312
1225.797	209.12275
1221.1475	223.47037
1239.4853	206.76371
1228.5811	226.94505
1219.4611	216.54597
1196.8135	230.33389
1194.7238	214.76318
1179.2433	218.22382
1177.4243	230.77235
1186.4349	225.54163
1180.2296	247.08727
1176.6137	241.55784
1166.3202	241.65854
1170.5431	260.43713
1143.0924	262.164
1140.7614	256.85606
1136.8887	244.29114
1136.259	263.50771
1139.1227	247.95915
1112.5252	258.09005
1558.0502	74.486045
1536.1023	106.21976
1521.9666	161.5116
1522.9369	89.443716
1473.0232	120.26851
1532.6974	124.44481
1463.1772	198.01889
1477.6031	153.24422
1514.2437	182.02199
1508.2229	240.90179
1477.754	220.49711
1455.1048	226.28717
1500.606	245.65198
1491.1428	214.60489
1520.9764	237.22331
1477.5664	235.20473
1493.722	289.56208
1501.2717	261.12829
1471.7708	272.24315
1461.326	317.32261
1550.6673	320.07336
1468.6716	320.72927
1494.5717	331.26366
1496.5583	344.30328
1532.4395	392.96532
1530.1527	386.17195
1526.5692	375.04786
1555.9911	499.47902
1522.9733	467.94963
1536.2156	431.39001
1540.8026	512.53455
1499.1024	483.96569
1515.6527	499.15509
1508.7674	484.41811
1507.7609	489.29814
1515.2741	479.42622
1523.5078	516.88196
1514.2938	488.16169
1479.5559	511.99459
1477.4963	521.30362
1476.5473	499.65164
1498.1525	498.62365
1452.6042	507.73147
1418.6468	477.55198
1432.2885	501.61487
1415.6006	504.86713
1461.3871	499.13285
1444.1513	441.87794
1433.5564	469.19505
1441.3323	448.12242
1395.5479	524.50031
1392.2355	509.41495
1338.5955	484.38104
1397.6327	464.29657
1395.4943	494.4515
1369.0702	463.50714
1361.6103	499.24392
1380.8555	478.00495
1364.2178	479.20426
1341.1205	487.04781
1303.6174	438.44407
1326.9616	506.57379
1320.3898	495.76236
1286.6695	436.13119
1351.2588	476.11824
1309.2577	436.21186
607.25008	90.116789
596.90697	93.97208
595.33613	120.42774
602.6973	144.97869
612.50667	132.21999
626.11443	151.15089
596.81982	163.52646
614.47435	170.89091
611.83145	173.74161
605.46136	185.15208
627.66231	174.5955
635.40871	225.14142
651.43165	241.77156
657.82738	201.55632
669.37378	213.53867
660.19113	262.02966
687.87559	274.28736
685.03661	242.113
696.83534	265.87569
703.60787	281.49689
731.01281	264.9823
703.15129	283.45389
746.5316	261.93886
751.50782	277.36162
728.47897	261.79462
738.09842	263.61434
743.67787	299.81431
786.74472	294.85402
761.79349	301.01377
796.6318	303.11316
775.90152	305.69163
786.26036	309.23698
794.00426	270.51691
800.52517	276.18609
807.25488	304.89208
798.66797	292.19747
799.40211	304.84021
813.90162	282.71268
856.62708	293.6383
839.45857	295.49372
874.1692	291.48486
862.73244	297.297
869.51893	306.61752
895.10142	300.46847
907.7502	297.08548
898.32583	336.26421
914.29657	332.24251
933.39639	296.57271
975.69611	321.54463
965.01706	312.69591
981.18445	336.32757
1012.1562	339.79875
1013.7565	338.98096
1005.7295	316.32221
1017.7138	320.77898
1021.2603	335.27275
1024.2904	335.50887
1072.0239	338.06534
1060.5049	335.26445
1090.2966	322.64208
1107.0275	365.42171
1116.1245	369.07289
1098.5522	331.33439
1145.7599	350.34424
1148.2471	359.65397
1191.7638	370.01935
1174.3783	352.21356
1186.6094	369.28037
1205.73	351.39718
478.44752	138.82668
504.41236	110.23073
463.91716	136.70861
479.58324	121.38962
468.16424	132.06722
465.77858	112.0189
443.38049	150.31499
409.70633	145.95931
411.04531	133.79551
415.16893	164.64276
407.01045	158.0663
402.1159	180.14273
376.8807	168.4384
385.97722	183.62057
355.53239	190.89375
364.79866	179.95209
354.62764	190.97997
329.97168	221.41105
339.43982	197.13884
354.84739	196.79338
332.4037	226.47558
312.68459	222.03615
292.41904	206.72056
277.28534	215.73863
262.85688	226.74748
278.09565	224.65162
287.96548	241.40535
274.2879	246.01411
270.27695	271.64189
271.76307	251.01114
242.46889	255.59083
217.66425	256.76744
237.96204	240.95399
244.45223	245.09733
220.52881	245.72751
229.73789	242.7492
207.56744	248.44427
212.44512	250.06971
207.3305	255.52297
196.02757	272.99612
169.74961	279.87024
149.88355	262.39986
158.9231	257.81896
152.87622	286.18117
123.53784	281.83493
117.43987	278.74507
145.52071	281.85146
106.57693	280.72986
132.83604	280.59575
140.76331	272.64365
119.88752	278.46898
-20.201661	272.60393
-13.435073	226.5178
-38.219347	244.6175
-3.4423292	256.44618
-9.7854598	255.11933
7.2651187	267.47688
26.65894	263.45977
31.266153	255.81686
15.978558	282.7495
44.851618	267.80605
39.446485	293.0004
49.347578	268.39523
53.22009	279.0506
100.16729	278.29422
52.677621	56.958847
54.940145	43.582074
58.20964	39.344065
47.219869	45.142616
46.583029	59.71168
45.537946	67.470869
63.399126	94.316611
101.19852	114.16074
96.341687	117.88524
124.86069	117.77131
122.08647	138.34367
133.99335	137.73225
122.32268	148.69627
137.84867	182.96844
147.52713	164.83035
148.30496	200.10548
175.63364	223.08157
165.21859	203.25697
178.97774	215.71782
155.38378	222.29829
205.22942	216.41802
180.76412	229.06642
193.38013	227.08812
202.92109	242.68965
229.95722	210.75387
193.84164	160.08252
176.14138	143.24986
190.72983	142.29415
191.92678	169.40272
208.73727	164.68489
218.74561	204.84509
263.99519	189.44792
287.5315	214.32508
322.37108	207.4097
322.31734	177.94882
344.64777	190.84113
615.2012	-409.46882
585.47993	-430.50161
583.33738	-426.19292
605.54589	-423.82447
594.75833	-426.38287
561.15687	-419.98045
560.88817	-432.71924
567.31734	-442.22268
561.36734	-417.86281
553.45547	-425.68374
535.38049	-463.20237
529.27835	-455.81178
527.61667	-461.95641
507.79501	-426.28929
537.9076	-424.86845
496.68196	-430.31743
522.72673	-452.69063
496.94222	-450.57756
462.70479	-413.43318
468.10342	-416.98943
477.88973	-443.63777
472.98481	-437.46782
424.50947	-411.46073
414.97715	-407.42704
420.428	-399.74238
409.884	-406.56866
419.47709	-389.24931
398.4433	-395.56661
390.10257	-396.11811
375.61365	-400.76912
369.6194	-385.26742
372.22896	-360.24155
361.17862	-397.68292
369.05167	-369.49215
336.49688	-381.72555
326.17619	-371.77488
333.45732	-359.11341
345.41746	-343.16883
299.50425	-356.32817
325.51468	-348.73599
301.76253	-326.96066
310.36485	-326.18083
268.2835	-322.07048
261.41584	-315.49297
262.85648	-320.56245
245.55529	-308.30923
267.44313	-289.05342
248.12545	-261.94286
233.97165	-266.33473
224.74126	-252.57233
215.80321	-240.79153
187.5657	-214.18118
179.81074	-241.02187
159.63356	-240.05998
149.07788	-194.15372
115.52244	-185.36255
146.55476	-209.32052
128.42179	-161.93799
122.72451	-161.10348
90.466183	-156.45028
80.275026	-128.51112
86.265975	-128.87346
78.439467	-148.57616
41.010551	-115.1305
59.622048	-134.14051
37.445174	-90.06593
32.355795	-120.58705
32.170836	-112.08698
11.480827	-107.62815
13.160415	-90.512962
25.024347	-90.983073
-12.232472	-94.96428
0.86481016	-104.00281
-24.853201	-99.39411
-11.551101	-92.991154
-23.53493	-91.72135
-55.915156	-78.72273
-34.27236	-95.605431
-34.850076	-70.65423
44.72472	-107.25367
53.986553	-131.53049
88.094578	-124.60837
107.11589	-125.64637
114.00216	-139.83126
175.15151	-148.49021
227.98768	-165.6747
217.17665	-164.266
232.76396	-153.98876
272.43179	-181.00941
284.04644	-167.53988
292.59742	-172.82233
283.921	-149.83557
276.23011	-151.63521
291.38526	-159.18532
267.29827	-160.14305
293.24036	-149.86658
270.72703	-151.57202
265.91341	-146.52979
274.12335	-146.9225
256.5401	-162.19952
274.06855	-208.23298
245.29564	-191.16133
262.89182	-233.36115
260.60049	-179.77871
280.52466	-152.75158
270.91675	-164.60195
310.54889	-116.06332
319.88011	-139.45362
320.76394	-129.50928
356.18118	-121.78128
380.41996	-79.26584
419.79702	-62.197485
423.6315	-78.68914
417.4031	-84.077534
408.75637	-87.390761
401.66539	-68.896413
364.69732	-61.666903
270.21197	-103.44076
267.02376	-93.404277
215.22575	-87.108318
215.8034	-106.5658
223.16071	-105.14919
176.2235	-115.0711
178.31146	-101.04401
178.86955	-107.75873
146.97938	-96.927805
169.02919	-109.22065
148.36654	-111.46974
114.68079	-92.993748
123.94459	-113.42556
74.986112	-70.316351
82.901585	-69.499535
100.37789	-64.484682
87.096122	-85.354854
83.717535	-56.779806
61.440422	-71.295366
60.470853	-56.891737
48.879905	-44.039704
37.549872	-37.043194
43.837013	-48.159285
282.41177	-86.615423
315.96174	-159.6667
283.34755	-122.06618
272.82095	-210.79054
339.69321	-234.61382
282.74893	-209.90743
313.01138	-234.41599
261.20386	-306.70757
181.28799	-289.99137
183.94645	-208.40082
136.09348	-238.25058
155.8364	-187.66293
124.90308	-109.51301
133.74865	-121.73599
85.302391	-128.09735
85.819274	-86.740941
21.531391	-36.012763
33.673458	-49.830308
67.829517	-104.32316
238.71066	-144.16579
195.62461	-131.76082
229.93199	-117.41907
239.8778	-30.65531
22.460799	5.5695332
9.293268	54.306014
36.095685	-40.553197
20.667077	62.191957
-37.143209	21.379252
-16.613815	67.44709
15.670381	146.05558
-16.650638	141.93787
72.637281	130.88533
3.572519	121.621
26.137009	172.76521
-26.264895	263.13394
39.10014	257.44701
19.033383	320.76798
51.546655	367.06572
83.188065	369.46008
28.286805	384.26823
64.43024	379.34325
-39.088129	434.74439
-53.668268	389.56182
144.83707	316.96391
220.62377	313.50652
311.86615	372.80299
348.30971	373.24823
268.74563	331.14284
379.55968	359.74417
292.20286	368.9964
243.81238	384.13491
291.08852	469.77489
247.0018	391.44235
291.31277	317.58078
388.08826	192.175
426.05299	206.92888
394.01826	250.17256
311.07092	259.46857
322.6082	317.26381
378.19851	368.47253
302.89733	326.45205
396.63596	377.23341
315.92919	315.97775
452.3302	238.04808
552.49714	43.378679
564.46818	98.854207
583.74975	110.6371
602.81517	122.25725
532.66302	297.06008
401.70104	378.1423
418.88304	454.9168
480.32799	377.90881
567.54142	41.850638
551.28744	52.45025
509.08852	119.60645
528.43908	235.46418
522.47051	226.69056
410.25459	272.34509
421.06059	374.28716
443.69114	335.88082
469.67009	70.301657
449.58395	105.14194
390.8469	172.04294
411.26162	152.4324
403.08006	212.29495
425.79775	266.94478
391.28353	231.78535
407.52068	262.46232
499.60809	272.10337
436.72303	381.82919
505.89162	314.62137
483.25356	347.44016
592.1725	490.19573
576.90282	406.72969
613.88671	432.75696
607.76876	487.93205
660.30832	511.65591
571.07793	513.92133
643.42864	478.36101
665.06141	439.85728
662.47435	533.51581
783.08302	524.67806
764.69132	457.94919
687.6895	518.6016
773.73231	476.07433
745.233	484.87707
809.45812	444.12282
816.55257	419.25173
780.94063	484.67767
867.34743	459.28426
839.59615	457.13906
879.7384	535.04556
925.75111	521.02127
1003.021	511.58489
988.58789	466.13097
1000.7239	486.9238
1005.1753	470.08724
1078.7675	490.63134
1046.4617	487.99154
1108.5408	507.84759
1142.7135	481.1575
1174.3575	494.93652
1198.1276	543.13128
1189.5149	540.77411
1480.122	-26.183712
1535.7199	-19.894319
1469.9369	79.371156
1451.4218	134.6463
1488.5322	238.94103
1469.0338	264.01529
1388.9661	291.90571
1370.9997	273.18535
1401.6913	338.70627
1395.8645	268.61233
1498.3774	273.44956
1487.0112	139.69503
1554.7156	148.34345
1507.9388	122.41481
1471.1277	94.11014
1426.1423	144.96194
826.11348	259.8987
829.82868	262.71753
833.16609	261.31445
841.42689	257.45826
841.97763	250.41055
844.58484	258.90699
849.28462	246.16923
855.49954	244.66616
861.32592	242.27162
867.69777	253.18255
887.49834	238.36009
880.38469	234.03992
894.29794	237.23425
899.41433	247.17229
906.37987	226.23965
910.70718	219.53572
897.25832	223.18888
907.86784	235.23936
926.71071	228.51129
922.68262	219.1983
928.39408	224.67531
932.30361	197.49517
936.76205	194.89699
948.25885	193.42544
960.52664	199.54541
950.42904	190.77416
947.87061	191.48456
962.69858	171.07246
970.7106	177.46483
957.59291	166.04941
966.19888	161.51904
979.15255	171.79788
973.96635	157.6777
977.47434	191.16911
977.84389	196.16467
981.13875	200.18843
978.70624	208.14895
990.77064	203.31279
1004.4795	228.5526
1000.4871	226.74642
1022.3449	213.03684
1006.9731	216.68383
1026.4078	233.5071
1031.2136	229.34397
1048.8624	261.61207
1038.536	243.67065
1052.7684	255.01567
1059.2774	262.76492
1076.4089	255.25544
1067.4193	267.50987
1079.0966	261.42935
1071.3543	271.59852
1068.3134	241.88958
1068.7898	261.92864
1065.4623	233.67099
1051.1888	218.26555
1048.4438	218.77098
1034.0179	218.10582
1010.5823	179.27355
975.54234	170.35103
961.83098	167.33149
959.63658	161.9044
949.92038	194.83637
958.08353	204.07214
960.26928	233.46166
957.28441	232.63511
933.7586	251.23652
890.2741	243.96822
877.35738	256.04786
844.38178	257.95421
840.9556	249.52044
842.59393	238.97009
894.62058	264.48046
934.25888	262.66369
986.15643	259.8926
979.79328	259.75991
1023.9556	270.35386
1011.6668	269.64145
986.88313	276.27453
968.97435	277.69943
926.39102	274.75215
899.19658	276.29021
894.82881	269.44086
871.11094	261.40721
875.76323	262.17047
888.42344	274.10875
975.22254	290.99005
976.4391	276.74574
967.65121	284.1744
640.62502	162.89233
659.73318	152.41069
656.02493	177.61165
658.22914	191.06081
670.66439	187.83137
681.13725	228.40889
685.18186	210.32024
702.85424	236.47952
709.90757	221.45934
719.16268	252.32865
725.07699	237.39775
722.77702	250.33617
718.8711	271.20486
728.22258	246.4013
752.70837	250.61242
761.12864	251.06691
752.07935	269.36056
764.18361	282.27152
777.60193	269.38375
1529.5559	46.046681
1548.2798	31.653096
1511.4619	59.541529
1510.6025	86.987238
1505.5423	114.88328
1512.8017	104.01393
1502.0533	41.647575
1511.038	56.217516
1495.6137	23.962471
1516.9709	35.184275
1530.7662	34.918244
1525.5544	9.7348857
1535.6405	19.046904
1528.7891	5.1598772
1536.4924	0.40172295
1551.9622	-17.7315
1534.3452	-17.729409
1556.1338	-24.651914
1534.2841	-46.334056
1530.083	-39.324957
1560.794	-49.736195
1538.6109	-63.09664
1568.4666	-67.466714
1567.6072	-75.037164
1563.35	200.89592
1542.7736	290.09777
1525.5068	339.11798
1529.3239	369.90721
1529.1958	378.95958
1524.3776	532.25448
1558.0888	531.1829
1534.1443	545.00692
1553.0662	515.36166
1545.7247	491.6405
1539.9551	460.55949
1530.2763	442.37149
1526.0389	436.94918
1496.4669	425.99872
1476.7573	424.45399
1459.8968	401.2996
1462.7513	420.48996
1441.9495	363.85146
1437.0456	382.02038
1415.2919	379.61762
1373.3988	380.54256
1256.2393	443.17584
1245.3118	455.17583
1213.2439	465.11796
1169.5444	480.63889
1166.8922	481.90188
1142.5708	505.50516
1111.6662	484.53402
1098.5361	515.10812
1073.6488	494.08839
1053.6674	487.64855
1036.5319	485.97593
1055.1397	478.85385
1034.1082	488.17674
1027.1958	470.56895
943.15856	460.51349
955.38028	423.05158
944.09672	421.9692
946.32111	462.45565
955.66069	436.89275
924.46731	460.00956
880.195	436.27157
835.89107	408.00744
857.69214	439.87436
826.93184	417.10433
789.6959	385.33639
807.25321	426.20786
789.93021	420.33699
780.51041	385.22447
761.62021	391.56208
718.21133	379.22166
725.96471	397.65043
723.75931	391.46784
731.92342	404.40608
737.66031	402.80711
734.802	413.15919
746.85779	413.46596
754.50022	403.93882
774.52479	415.74288
776.74388	411.91577
780.1771	422.57947
791.71961	409.40769
817.28466	427.32581
855.66482	423.83975
864.49677	423.2559
879.38949	427.58793
871.91891	429.15143
874.11582	444.73757
894.41226	424.33048
882.40544	443.69174
883.98558	437.7072
890.25742	433.55665
916.7105	434.1172
911.78187	437.19389
917.82584	434.68557
905.31483	429.18597
895.41096	439.29773
900.92285	442.72007
909.94013	431.31034
930.3552	451.66576
940.56458	451.2608
958.0159	442.70361
963.14982	444.33473
976.33449	457.75948
981.79058	464.61451
998.03165	448.47549
1008.1661	465.42902
1019.8774	452.87399
1023.2482	463.00912
1036.9276	452.58283
1132.4399	468.89621
1128.8166	464.46953
1134.5082	470.44415
1124.8503	453.45499
1117.968	473.36367
1112.3432	470.8541
1100.2452	449.99311
1092.9491	456.58678
1073.0722	464.30153
1075.4935	456.18481
1055.8286	452.75906
985.20122	449.93816
980.75847	443.14195
956.3409	453.57921
776.28248	456.03968
776.19379	463.06412
790.22951	472.11606
809.91698	468.59804
837.93976	478.2644
860.13478	484.49239
884.47211	472.12245
879.34327	488.72397
884.17591	479.00082
889.37981	474.23379
907.71985	489.02579
911.95302	494.53407
923.09232	485.18628
932.26521	484.97931
932.08563	487.60111
941.4786	487.55432
947.61392	491.28014
556.15617	118.27931
538.71109	96.449146
552.68641	120.85902
494.29277	96.335829
505.61633	81.309881
493.96224	111.0836
504.85517	78.993276
491.57657	91.812404
489.00096	91.189684
457.20346	107.041
454.19156	96.070492
458.15796	119.79484
405.16165	150.12066
355.18238	199.53193
306.66506	221.47463
211.84265	253.72036
246.28161	270.41191
243.64849	269.03396
203.76043	250.16324
210.72957	264.65054
206.18367	272.86651
200.31845	281.1742
164.61085	279.86421
163.17544	275.90024
74.786276	308.3766
63.745093	286.6546
55.751344	273.40764
8.1907809	281.85416
-15.90153	-124.04634
12.42714	-105.17107
7.6003739	-131.56439
10.85969	-96.685646
55.662229	-122.4174
69.981852	-122.97837
56.134266	-158.19287
80.850564	-154.17832
105.05018	-134.81525
120.14207	-167.07816
108.7845	-191.57208
126.58742	-202.2656
112.97873	-259.25189
164.58797	-229.79743
171.94933	-258.87432
177.09089	-286.17838
222.93337	-312.42277
208.14513	-296.68955
247.34168	-303.2466
269.77129	-316.12649
314.70765	-303.60045
290.62994	-347.76498
302.74334	-342.74133
327.7959	-384.11701
391.14175	-372.44168
363.70242	-399.85883
394.72565	-367.3051
426.51127	-386.94535
380.09841	-386.34867
447.08122	-420.6277
446.47615	-410.23512
485.57399	-404.23582
481.95018	-431.7658
530.25666	-426.39468
526.94657	-398.39092
527.96101	-402.05537
513.5112	-441.50446
522.2003	-396.48771
559.7872	-438.16297
590.77392	-414.54714
583.75031	-439.02706
576.3736	-451.64193
626.77512	-396.56428
602.25443	-418.99992
624.82768	-435.53182
652.81339	-408.41814
658.91503	-364.71626
687.14584	-388.82842
702.54701	-356.93331
696.62238	-337.66815
697.80505	-393.56507
706.61035	-361.80702
711.57911	-377.86351
500.2907	-338.28181
469.06349	-360.19176
432.00071	-307.84524
413.87487	-336.72185
377.31809	-303.45171
300.70316	-302.29363
281.8493	-289.66573
293.93042	-272.18249
260.0967	-252.17044
243.00489	-222.03684
271.46991	-205.0759
297.1129	-208.80281
271.56575	-198.71308
301.31136	-163.6533
293.37223	-168.19872
298.17986	-172.66959
331.67938	-140.105
334.75911	-164.29998
362.56498	-110.11872
404.80681	-115.96331
368.65146	-128.4155
399.07203	-121.38874
421.87239	-120.00144
394.75858	-118.2622
405.69331	-70.245346
441.06026	-125.45083
453.85385	-106.53179
467.22822	-78.339567
461.81625	-93.520307
495.13483	-58.186097
477.50611	357.77398
470.64664	363.12551
474.26884	365.29768
490.05814	348.24689
492.07503	347.89205
482.03293	339.30023
469.6687	347.55569
479.29888	334.52421
481.58741	333.24114
488.64728	333.17355
499.70263	347.43314
505.46476	361.33835
512.45179	358.20414
509.80045	363.49804
517.44059	346.16008
492.4227	318.00007
488.957	310.40188
510.36466	321.06647
504.10426	314.6757
516.84053	333.59125
525.53538	335.86722
529.01158	320.92489
512.73935	325.56116
508.48545	296.44097
498.05712	276.30665
496.58945	280.10337
500.02116	279.19374
528.12313	277.34889
526.42646	273.71264
519.72627	286.17012
539.10964	279.71885
523.24745	295.80008
520.67355	275.91937
534.7783	277.22246
529.59625	264.22246
533.20955	267.42233
558.4907	261.68883
543.31938	259.64014
555.59432	276.99371
548.27011	272.42313
561.08732	254.37279
554.40115	249.59041
554.18269	248.04818
565.92728	237.18441
569.17802	235.97153
585.0194	239.83652
586.57605	256.29474
587.26716	254.00167
602.36697	260.41021
594.7093	220.9501
603.79917	214.82366
598.48246	223.97957
630.50222	271.76493
631.12211	271.94102
456.43167	318.9021
438.21424	305.95897
450.99124	323.09421
416.81417	329.16123
381.82796	331.46454
394.287	340.50861
390.38959	362.87978
390.10577	387.19038
395.74971	363.29388
373.64343	385.60726
378.11018	372.12176
373.32479	389.96223
369.27291	424.27603
364.76636	420.1745
352.61669	425.06916
362.88776	442.20385
352.37531	458.26356
343.83183	477.89377
358.09573	480.55602
367.00551	475.98433
390.98026	480.26791
422.35733	475.20972
427.67269	455.30274
437.90585	477.6114
435.67096	472.79758
449.96029	497.7992
452.51693	497.81608
440.47502	484.02934
468.80409	485.75506
469.36601	466.7475
462.18944	458.99608
488.26552	467.69824
485.15813	482.87159
487.27407	473.67043
508.79794	495.1335
559.33443	443.61112
566.23217	413.00444
552.86006	420.88857
570.12499	435.77974
545.48509	379.93877
536.93816	367.09726
526.06621	363.71817
518.36552	365.34189
541.52644	387.00736
543.55573	379.74487
540.82717	411.33278
556.52988	435.80054
567.63632	441.82056
604.83117	447.27401
615.74573	480.43611
611.0245	476.77414
609.52683	487.22224
627.19715	503.45087
650.07067	505.43729
634.95452	505.43124
655.03857	501.8931
237.53255	287.56998
241.97432	297.41772
232.53902	298.40323
245.71872	295.36916
253.04766	293.57726
237.07186	310.82405
234.83559	324.10553
236.93903	341.43621
233.94102	340.31905
226.28099	359.14405
225.39501	345.37824
211.99731	341.49944
195.49276	337.90639
199.93403	335.15108
173.73764	337.27334
175.80084	344.13313
177.91699	351.87078
178.17652	353.97754
164.35426	359.17079
159.99725	366.85178
164.08774	365.16875
157.5393	354.3328
169.99424	365.33327
143.02787	373.82835
157.26184	379.03933
137.63059	374.72617
148.10989	394.21786
118.3585	380.5169
136.57702	375.22656
118.1549	367.73692
13.190916	380.85666
3.4196082	385.57508
3.1855655	377.69417
11.733959	380.97039
-16.178329	377.32438
-18.820126	395.27185
-34.795096	410.06744
-39.752631	418.02991
-40.349931	407.2635
-38.46951	426.01905
-43.43093	425.01817
-57.437877	439.54699
-61.492918	449.97815
-41.425795	455.0632
-53.171255	503.82956
-47.560776	509.8407
564.75194	243.90686
559.151	232.27744
562.28605	234.59357
547.87443	210.40838
525.42879	204.64892
502.24226	174.87048
504.02012	180.46821
504.66208	158.14519
508.47829	154.60438
514.21625	164.65387
502.9897	162.37366
497.39452	177.31221
494.70058	173.74968
508.01032	166.03122
491.99528	167.55927
488.77763	184.66008
476.1101	185.05442
453.64497	189.63573
467.17213	193.29554
454.37763	181.88355
446.22697	186.11732
471.84497	187.70866
515.18577	189.28155
517.9495	178.21812
519.31869	172.94384
532.64322	189.05378
538.78348	215.32878
525.82706	208.00086
540.32877	223.67082
549.8511	222.79039
274.3099	177.66825
283.45831	173.87329
276.11008	176.28228
266.4175	174.60204
249.86329	163.53789
249.68282	167.15833
242.14517	149.74922
234.21226	145.50427
225.93761	139.81788
212.93935	139.54123
220.78424	144.65702
218.21138	129.64526
208.07925	129.93644
197.60867	142.96048
206.42318	133.60491
201.29863	128.90762
186.55675	133.40865
190.27579	133.46589
197.74834	139.19918
174.40138	135.27537
181.81277	119.30367
175.32653	134.43577
171.74354	121.57558
156.33627	104.88728
130.4434	102.625
110.31927	84.882873
116.98083	102.7512
115.03095	86.675102
98.432996	75.03607
98.447372	83.712056
67.13968	80.822474
72.67983	68.819356
64.975912	71.255298
62.673419	77.780446
68.097458	72.82612
55.880088	72.898047
66.483745	64.007647
73.050003	73.615032
65.78605	91.186813
69.82144	101.33649
77.51817	113.49692
71.892315	125.01729
73.953125	124.4452
85.265432	124.16624
88.07104	150.6664
95.270257	146.99084
95.317339	149.99203
104.6109	164.84062
103.46608	163.6689
100.89627	174.99287
102.67677	162.44962
94.829339	183.33956
91.227285	181.2512
99.364343	183.29202
114.33144	189.35221
116.57444	200.42337
121.46877	206.74816
105.28636	217.94043
117.08031	222.82466
119.35553	233.99518
118.90812	219.4441
131.30404	228.36455
136.68807	240.1181
133.83592	237.26484
133.11806	233.8335
137.54655	250.54658
145.10113	236.48213
150.5911	252.59597
158.99843	250.94556
165.49246	238.45295
179.8036	244.22869
197.66601	252.65663
190.1754	248.7363
191.29387	237.68571
185.14056	240.60677
151.2378	246.62146
151.38871	236.71598
130.41527	249.55414
108.53052	258.21892
120.49485	260.46503
95.082651	261.37427
83.622508	252.08807
88.584846	261.84542
94.501865	257.00159
59.421159	266.9706
64.461716	257.30875
44.081075	262.18093
58.302363	256.54391
35.328218	263.57463
-18.093967	258.93182
-14.836397	246.68547
-19.756999	241.36704
-31.970385	237.7878
-31.733227	215.78042
-47.030895	194.81133
-33.216494	199.95061
-41.209546	183.68217
-55.379366	179.44492
-52.471388	160.62975
-51.517739	170.34171
-56.22848	150.14734
-43.744558	152.52568
-30.034779	150.1828
-39.529888	155.41205
-38.089778	142.19482
-25.548745	148.04857
-14.944863	141.65405
-10.457638	164.42949
-9.9463941	159.86788
5.9418854	162.10811
20.285401	143.40575
15.858264	151.65555
41.510307	139.29847
46.998679	149.40504
48.71385	132.65168
56.649798	135.71971
64.470468	144.3455
78.246656	143.34925
392.31257	7.6458006
388.45753	6.3182014
387.29335	9.9034077
366.30216	-1.7553335
356.16042	-9.4312584
351.88673	-12.572152
357.67336	-7.8922593
349.09034	-13.526552
352.02649	-7.9765002
345.3177	-16.047869
338.71897	-13.537877
331.49934	-11.520837
328.87368	-15.198837
308.57214	-14.227635
305.7726	-13.21084
311.52004	-19.065456
303.60452	-19.042938
300.3957	-26.440555
297.54143	-24.373305
303.98288	-24.321754
299.54938	-24.029198
297.10541	-51.522875
297.49287	-51.310756
295.26481	-80.010583
297.83796	-81.303492
307.56891	-88.755026
319.60208	-83.353505
318.88486	-84.939881
339.63049	-80.678512
338.5524	-76.152428
375.1412	-75.527598
371.11826	-81.688951
379.495	-75.191656
375.11733	-76.366976
831.75469	-108.99386
830.82123	-105.50272
817.08037	-109.56215
821.34249	-110.60094
811.56252	-117.45569
821.54131	-108.24788
823.26157	-121.71941
809.78312	-108.74326
820.94126	-105.3609
803.47073	-121.23235
808.44141	-129.63355
813.89552	-126.54372
807.2017	-126.50456
811.62497	-143.86665
852.19613	-212.11394
841.53801	-211.36602
855.64755	-209.23436
859.57109	-210.11698
861.59122	-217.29761
877.66673	-214.40131
873.70054	-208.41236
851.97963	-213.44616
837.79339	-224.81682
840.63435	-221.51978
816.04268	-281.65671
806.66339	-278.66507
803.91315	-292.52364
799.33829	-278.36255
784.89099	-283.01978
780.4294	-275.42835
773.1326	-285.24165
758.49436	-279.56552
747.3587	-288.74902
723.95184	-288.18345
722.36854	-284.49458
722.75896	-298.40995
704.98981	-324.47377
696.56691	-316.42072
707.76889	-317.72921
709.88556	-334.46674
712.79209	-338.31658
732.43257	-337.65537
723.78959	-339.15732
737.87977	-346.77204
737.05454	-337.95418
747.09017	-332.42571
676.4047	-403.15187
686.37045	-410.84424
688.48272	-400.31641
680.12141	-414.76129
673.41259	-421.51615
648.86335	-417.24541
644.42415	-422.19322
632.57661	-424.52101
637.81887	-430.37078
624.92827	-423.7512
619.40539	-440.36398
629.09078	-426.36057
610.48214	-444.50746
601.34413	-444.12427
594.02024	-441.25154
576.51209	-449.72712
574.40521	-453.56372
530.34284	-452.35443
533.34266	-446.3118
518.88361	-448.50344
502.98162	-436.19623
508.03922	-449.43788
497.65515	-439.89671
490.61229	-451.59981
479.56766	-440.80638
458.12306	-440.0144
459.15679	-438.78551
432.29288	-447.85228
439.47961	-448.09659
436.43759	-448.19279
422.12623	-442.551
414.54054	-438.83861
388.94405	-413.86731
396.20254	-423.98501
382.02031	-418.98374
352.25631	-397.07459
351.56675	-413.71611
341.14567	-407.49655
331.45316	-400.60129
323.04674	-385.4366
304.45813	-386.82175
289.41668	-374.74765
1015	202.5
1004.2857	189.64285
995.35715	180.35714
981.07144	168.92857
965.7143	175
951.42858	180
946.78572	186.78571
941.42858	198.21428
927.14287	208.21428
911.07144	218.92857
